seed: 1
787
33161
16580
41058
53297
26648
46092
23046
44291
54913

seed: 2
1183
33359
49447
57491
61513
30756
15378
7689
3844
34690

seed: 3
41022
53279
59407
62471
31235
48385
56960
28480
14240
39888

seed: 4
5558
2779
1389
694
347
173
86
32811
49173
24586

seed: 5
41457
20728
10364
37950
51743
58639
62087
31043
48289
24144

seed: 6
9983
4991
2495
1247
33391
16695
41115
20557
43046
21523

seed: 7
46110
23055
44295
22147
43841
54688
60112
30056
15028
7514

seed: 8
278
32907
16453
8226
36881
51208
58372
61954
30977
48256

seed: 9
41681
53608
26804
13402
39469
19734
42635
21317
10658
38097

seed: 10
44777
55156
27578
13789
39662
52599
59067
62301
63918
64727

