72
96.605
47.3689
58.8612
58.32
48.6756
38.72
45.3628
53.8491
53.4578
58.5165
61.0512
56.5066
58.0118
50.4008
42.32
44.4014
47.2608
47.8139
47.3365
46.4464
45.4711
47.1716
45.9201
48.7282
45.7115
42.6614
42.9797
46.0138
47.045
45.9562
44.0039
42.7672
43.6288
46.4097
47.3689
46.4961
42.9518
43.4121
46.7544
48.6435
48.3472
47.0676
45.3845
46.422
44.5486
42.7124
41.7089
40.0239
40.8246
41.9241
42.2493
41.5941
40.3668
39.8806
42.9135
43.3266
43.3413
43.1662
43.8984
44.0568
41.5519
42.9061
43.9453
44.2668
43.2732
44.4048
44.263
44.8912
45.0165
44.4186
44.7826
44.3089
43.901
43.5307
44.6264
40.4066
40.7543
40.3634
40.0289
39.3308
40.2589
39.0174
39.1613
40.9034
37.8652
40.5207
42.8233
41.9075
40.9814
40.4209
39.7018
35.4609
34.6927
35.121
36.9442
33.2659
33.0369
37.0322
36.4146
36.0325
34.9186
38.243
33.557
35.0404
37.3868
39.9134
36.7098
38.5104
38.9764
38.3246
34.2526
37.2392
35.2653
31.7917
38.0403
38.2252
38.989
37.2842
37.7002
35.419
31.5687
34.4788
36.6064
37.7963
36.1925
36.8582
38.6238
39.2539
37.0727
37.2167
39.403
36.4902
39.5386
37.2736
35.664
36.2679
37.6058
38.8721
38.5693
37.2366
37.3808
39.1396
37.9417
36.213
37.8689
40.1457
35.496
39.1702
37.2557
35.4136
39.1031
38.5821
36.8907
40.3724
38.5172
34.8001
34.6028
35.9382
35.5219
37.5054
34.1995
32.3741
33.68
33.2928
31.7595
32.2304
35.7214
39.5682
37.9475
37.7789
38.1491
36.0612
33.9886
30.3844
31.7279
35.299
37.4161
37.0954
38.6321
38.487
35.4094
33.4232
34.8704
34.7283
35.0636
35.478
33.8122
32.4162
34.1225
32.336
39.4198
39.8313
34.8054
31.4282
36.099
37.4794
35.9878
37.3353
39.1347
38.9568
35.7976
35.7533
37.4028
32.5802
32.4912
36.1209
37.8116
34.7595
36.4333
34.7012
38.3143
39.9946
35.1154
38.6628
40.8759
38.8499
31.9707
33.3435
38.2495
38.1251
34.8575
35.1295
33.204
34.6778
34.5553
34.456
31.1358
37.6894
35.8963
36.0552
37.815
37.6623
35.835
33.9488
35.7013
37.7827
39.6948
36.2496
36.4587
38.4867
38.2343
38.3011
31.4971
38.4189
38.7343
31.7995
36.9592
34.9838
39.9976
37.9803
36.3209
40.1592
33.433
33.344
38.5621
35.0451
38.7337
36.9667
38.5375
36.566
34.9346
38.6866
33.3968
35.1217
38.436
39.996
34.9923
40.1328
40.0679
38.2345
40.2687
40.5792
37.3702
35.4758
40.9054
37.3161
37.5701
39.621
36.2466
32.8367
37.9994
34.5125
31.1995
36.2414
36.2678
37.8602
37.6519
36.0986
34.4679
34.4593
34.3201
34.2216
39.1703
35.5882
35.7812
34.0743
35.6984
39.1036
39.3385
37.6689
37.6781
34.4368
32.8423
31.1403
37.9702
38.0351
41.9029
40.3894
40.6919
38.737
37.0572
40.5806
37.2984
39.3145
39.3126
42.9025
35.7624
34.2035
32.3409
35.6578
40.881
35.8545
37.3792
35.456
38.7632
38.9302
38.8865
32.2583
39.2015
37.2559
42.4809
33.6742
35.5118
40.7152
33.7715
37.3433
38.9025
35.2453
38.8029
38.5756
38.3401
38.1016
36.1448
39.4787
37.7847
36.2255
37.7501
35.9086
36.0619
35.8712
35.9899
34.4944
34.3232
39.3572
35.9581
35.9657
39.6647
39.6621
37.874
38.0743
41.7224
38.4007
35.068
36.9329
36.9894
31.9303
38.486
34.876
33.2531
31.5531
34.8837
41.8968
33.3618
31.7828
36.9663
36.9663
38.5944
35.2224
36.8443
33.5684
35.021
33.1677
41.9137
36.7659
38.7063
38.7018
36.9357
31.9219
35.3705
33.767
35.4345
37.3354
37.5497
34.1661
37.5293
34.3176
34.5118
32.9412
32.8779
36.0678
31.0676
32.5983
34.1007
35.8882
31.0146
36.1187
41.6194
32.9974
36.3035
37.9912
31.4201
31.2452
29.7642
36.4062
34.5688
29.7874
34.5881
39.9392
34.9448
33.1658
36.5411
39.9572
34.9085
36.7739
33.4124
34.966
36.7834
35.1235
38.5483
36.7847
38.6101
38.4279
38.2389
39.8858
34.5593
36.0725
36.1599
32.8585
41.5831
38.1752
41.8095
31.4964
31.3796
34.4767
36.0564
32.6042
41.2832
36.0361
31.1138
34.4395
39.7509
39.7328
33.0696
38.1151
38.2774
33.0839
39.819
36.1973
34.3657
31.1485
32.9103
36.2334
37.8638
32.8695
31.2695
37.8282
39.643
38.0066
36.3206
34.747
36.4029
28.4382
39.9927
36.482
36.6339
31.5621
36.4244
36.5397
34.8856
40.2609
34.9462
40.247
33.2483
34.807
40.0384
34.9599
33.3417
34.992
36.5984
38.1984
28.4522
31.4828
34.7886
29.9116
29.8098
34.7144
26.9036
33.2464
38.4915
30.2179
33.4927
25.8285
30.3118
35.1371
42.0622
38.5155
28.7037
36.9293
37.0914
40.7929
39.182
37.6029
42.9885
35.8105
35.6914
32.2605
37.1096
35.3124
33.5286
35.045
30.0654
33.1575
38.3213
40.1203
38.2829
36.6056
31.6043
33.1166
38.273
36.6729
33.2174
31.6856
34.8159
38.2477
36.6087
31.6257
31.5407
36.5219
36.678
27.1207
33.2609
31.5449
29.8577
29.8729
31.5736
33.1807
34.7547
31.4458
29.8357
34.7606
34.8945
34.9436
38.3745
36.5721
33.3257
40.0489
33.0814
39.8202
31.2897
39.7813
31.2388
28.0358
29.476
29.4206
29.3275
27.7073
33.8543
35.3834
35.3921
37.0825
30.6276
37.2537
39.0057
29.1981
34.0771
39.3509
37.4966
32.5579
32.4401
37.3718
35.6069
27.6294
30.5992
28.9997
32.1695
33.9393
32.4533
37.4722
30.8046
29.1636
27.7236
23.4538
27.6923
27.6518
27.5715
32.0992
32.0294
28.8141
36.98
37.0917
37.2233
33.9854
29.1398
33.9788
26.1367
35.599
34.034
27.6626
30.6096
35.4094
35.4945
32.2301
33.9386
30.7481
33.9135
32.3302
33.9659
30.8195
32.513
35.8068
29.4596
35.9601
36.0515
31.1633
31.1621
32.6979
31.1346
37.9073
36.1898
29.6462
36.0793
34.3625
27.9762
32.7171
25.0356
32.4993
34.0119
37.3118
33.9668
34.095
24.9073
26.3992
29.285
35.7399
29.4071
29.4063
35.9285
34.27
26.4455
34.3036
37.5919
32.5067
29.3186
32.5471
34.1647
34.2671
34.3039
34.3079
34.2943
30.9986
32.5461
35.7682
29.3443
32.5631
30.8738
34.1557
37.5097
35.7663
32.554
32.5412
32.598
34.2025
34.2507
32.581
37.6522
32.5149
32.4024
41.0079
26.2301
33.9822
33.9285
33.8871
35.642
30.6687
32.3133
39.0358
37.2605
39.0605
32.3954
30.7937
27.8245
32.5146
26.3492
30.9249
30.818
35.6376
32.3678
32.441
34.0525
26.3449
30.8504
30.9348
32.6303
31.0718
31.1491
34.4884
28.1589
31.2953
36.3144
36.2267
34.6037
29.6979
34.438
36.1476
31.2977
29.7579
33.0355
36.4865
33.1524
31.6415
30.1054
30.0029
28.3742
34.6525
31.4274
28.3348
33.1285
26.9312
29.9983
34.9132
34.9023
30.0128
31.5395
34.72
29.9576
31.6104
30.068
35.0145
38.3688
28.5323
25.5584
31.5665
31.644
34.9336
30.1654
33.3352
30.1287
25.6917
25.6042
31.5499
33.1636
33.1534
31.5939
33.1762
33.2177
33.2247
31.6044
33.1957
40.0089
36.4844
33.2294
28.5443
33.365
31.7537
28.5989
33.2788
30.0656
26.9831
36.4303
31.436
31.5004
31.4826
28.3327
29.8809
26.8675
31.5343
31.5655
33.2442
31.6176
34.926
31.6368
36.5223
34.7484
33.1142
31.6023
31.7018
24.2395
27.0602
31.6828
24.193
26.9945
33.146
28.5022
30.0171
33.1396
29.9249
28.4284
26.8528
32.9753
29.7325
28.2561
34.566
32.8998
31.2747
29.6909
31.1942
28.1361
29.7507
25.2471
28.1888
28.2804
31.4669
31.5046
29.8485
29.7924
28.1976
29.6714
34.3994
31.1145
26.5855
26.6432
26.6619
25.2205
32.8099
28.1123
23.8292
23.7534
26.5403
26.5606
26.6476
29.7413
34.4879
26.645
31.2684
32.7934
28.0686
32.6737
22.3485
29.6212
25.2667
28.2802
29.8399
28.2317
28.1792
26.6312
31.2022
28.2064
25.2276
28.1974
21.1992
25.2817
26.7658
31.407
25.4089
22.638
25.4533
29.9852
31.4861
28.3172
31.3566
31.4125
29.7745
29.8164
31.2991
25.2427
25.1796
28.0231
22.2841
31.0218
36.0168
26.5797
29.6371
31.1851
32.8263
29.587
29.5932
29.5854
29.5706
23.6938
36.045
32.8032
28.063
25.1087
29.5659
31.2157
29.658
29.7353
32.9884
26.8933
33.0245
25.414
24.0071
29.859
26.8321
38.0472
26.7664
25.2905
29.7951
34.6852
28.2842
23.992
36.3352
28.2912
25.3157
23.8538
29.7104
23.8324
29.7018
29.789
28.2676
22.6113
28.3761
34.8055
36.491
30.0499
24.1638
26.9832
24.1448
21.4456
28.5673
31.7541
24.2368
25.6154
27.0116
24.116
25.5747
28.5029
31.6719
28.5914
27.1009
22.8291
24.2486
24.2637
30.2085
27.2442
28.8151
23.0606
33.5921
30.4565
28.9075
26.0087
27.4931
29.0784
29.1089
29.0844
30.6064
30.5848
30.6456
33.8777
23.3796
27.6496
30.7697
27.6553
39.0617
35.6023
30.6781
30.6174
29.0324
29.002
33.6934
28.8832
28.9195
28.8485
27.2773
25.7489
24.2905
22.8874
25.6222
21.5425
27.0487
34.9111
24.1616
28.5361
28.5877
25.6316
31.7157
28.5901
31.6447
31.5802
25.5048
28.3853
25.3895
29.8802
26.8016
22.6179
33.0212
31.4614
28.4299
34.7761
25.5234
26.9076
31.4961
33.0974
24.0184
26.8433
26.8203
28.2845
26.8287
28.3188
