147.92
106.58
112.5
99.405
114.307
100.347
108.676
98.3503
104.642
87.9138
77.7845
67.4735
59.1537
52.4581
54.9152
58.1851
58.4471
59.0422
55.6235
52.2242
50.6689
58.2219
58.8848
62.9068
64.4339
65.8599
67.1941
62.8
59.9701
60.2802
58.4594
59.1328
58.7791
58.0028
57.0312
57.9008
54.8699
52.9908
50.7205
48.3636
45.0092
45.125
44.0053
42.6972
44.013
45.539
46.4074
44.5725
41.6095
40.2125
41.1378
39.9137
40.8403
37.684
38.4644
40.4679
39.8395
37.0987
37.4186
40.6802
39.7949
37.481
38.8318
38.5003
38.2072
37.4768
36.1123
38.72
36.0388
35.0404
35.7072
34.6991
32.1097
33.2002
32.8806
33.34
31.3179
35.0864
35.9423
35.8916
36.8315
32.8445
35.0981
36.6531
37.1421
37.3007
37.297
38.2017
39.196
38.4467
40.6187
39.547
39.4425
40.2323
42.9616
42.9548
41.9415
43.7399
41.7458
40.3381
43.7714
41.691
44.2165
43.1377
43.0945
43.5262
45.1872
42.7812
40.3021
44.3853
44.4854
42.5668
43.2532
40.8481
40.9709
39.6357
40.7928
42.1953
43.7387
43.9922
39.6123
41.7189
44.1189
41.6991
41.3395
41.7959
37.6603
43.3904
42.0779
42.2492
41.9976
40.6638
44.5057
44.2361
43.7632
36.0875
39.2226
38.7455
38.4419
38.8458
40.5255
38.3984
42.3715
41.8485
36.2365
34.9127
32.8215
39.7013
39.6707
39.9737
42.2591
38.8243
43.0446
38.2415
41.8347
40.5346
41.9575
44.1324
44.2155
42.1133
42.2857
44.5288
40.9429
41.4827
43.3183
41.7566
44.0338
46.435
44.6932
44.7013
44.9862
45.0477
42.9284
40.7175
40.7885
44.9848
45.5069
45.6925
45.1728
40.9513
42.9731
44.8748
45.3381
46.8975
45.0583
38.0511
43.5389
44.0002
43.9813
42.3588
45.6688
45.1943
47.1305
45.6357
43.7089
41.6095
41.8822
36.2023
43.3619
47.4241
47.3108
41.378
45.3546
43.8213
44.2259
42.7858
42.7656
41.1429
44.4413
44.458
44.2424
45.9714
45.819
45.5165
47.0676
43.4606
45.3837
43.7327
40.1228
42.32
40.4837
42.6522
42.6176
44.4069
44.1549
41.9706
43.8659
42.2313
42.5372
46.4062
44.3429
46.3701
48.5853
46.7057
41.4476
45.5527
47.2048
43.4563
47.0897
48.8978
47.2102
41.8726
45.7173
45.7109
46.0408
42.6197
46.1189
44.0285
43.8785
45.8805
43.978
44.292
40.928
48.6005
44.9724
44.6586
48.295
42.7777
37.1129
42.2493
38.8347
35.1071
47.9678
46.2766
50.1359
46.1233
47.9613
48.2177
42.7933
42.7573
46.8198
49.0924
49.0594
43.1026
41.448
34.2168
46.9155
45.2276
47.2085
47.0589
48.7622
46.9694
44.7398
44.7445
45.0284
45.1184
48.8637
44.7563
42.927
46.6845
40.8906
44.6512
44.9533
46.6433
48.3061
46.1709
47.8486
41.8766
43.8474
45.4359
45.1218
43.3498
41.5162
41.3691
47.201
45.212
47.0545
45.3597
40.0701
45.3951
49.1229
43.1259
39.6249
43.4823
38.3021
40.0456
43.9431
41.8699
38.4172
39.9339
45.1872
47.1113
46.958
45.1074
41.6602
45.3818
36.4768
37.9618
39.7323
47.3335
47.0714
43.0045
40.9988
44.7504
39.5015
39.4886
44.852
45.0183
45.24
45.2089
43.4443
45.5259
36.6947
43.9399
42.0804
45.6869
43.8555
43.8457
47.6221
39.9823
43.6886
42.0851
42.0754
40.4695
42.3563
42.0929
42.181
47.7794
45.9304
45.835
41.9082
40.1329
38.4973
43.9737
38.7441
40.7562
40.7456
35.6141
42.8653
46.4388
44.5507
44.5193
44.4627
44.3058
48.0305
45.9932
46.1615
46.1156
44.1552
45.9841
40.4906
44.3327
39.0516
39.0277
44.4588
42.6831
46.3782
42.767
42.5711
38.8329
37.2135
48.4761
42.7989
41.1882
44.7338
46.4346
46.2058
42.2969
40.2928
45.9649
43.8478
40.2675
43.8634
43.9384
45.8338
35.2387
43.9632
31.6441
43.8543
43.8642
45.7257
43.7022
41.8978
38.5162
38.72
42.3908
44.171
42.4566
44.2788
42.3638
40.6969
40.7392
37.4
37.5951
41.2104
44.6979
39.2743
44.5542
42.4703
40.6425
44.2149
44.1235
42.3243
48.1646
42.6251
46.5923
46.4322
42.5472
40.767
42.5084
42.6419
40.9779
42.7823
42.7354
42.8884
39.3063
46.8478
41.1738
41.322
42.9974
46.5923
42.6136
48.4102
40.9892
42.7823
46.7222
40.9463
44.4596
40.5785
40.4531
42.1048
41.9187
41.726
43.5743
33.2402
36.7478
35.2225
42.1237
43.808
45.7131
43.7262
43.8461
38.3673
45.6436
45.7169
38.5095
36.9223
40.4887
46.1923
42.389
40.4514
37.03
42.3962
35.506
38.9453
40.6965
44.532
42.8268
41.0466
40.8571
37.3804
40.7382
44.4971
37.385
35.8149
37.509
39.4029
46.8699
43.1873
45.2125
45.3776
39.8892
45.5434
45.571
45.5531
38.373
43.9689
40.4575
38.6647
35.3591
37.0406
37.1717
42.4995
38.8502
40.521
40.3745
38.438
40.2745
43.8835
40.2684
43.8702
36.8023
33.5761
43.9936
42.1555
36.9114
40.4454
35.3118
38.7699
35.4673
42.3998
42.3096
42.4098
44.1167
42.0933
38.5626
44.0156
42.3029
38.8507
40.5133
40.5333
47.973
42.1474
45.9812
40.5231
45.9605
44.0735
42.3603
38.8002
40.5753
50.0508
44.2925
42.5399
40.6822
44.4956
40.6718
42.5085
35.4337
46.3276
46.3341
44.5124
46.3709
40.6664
44.2701
46.2092
40.7134
37.147
40.7889
39.0331
37.428
42.6849
39.087
37.4739
35.8973
41.0497
48.6996
41.1358
34.1813
42.9132
39.1887
44.7058
34.2087
36.0187
34.4735
32.9617
39.6688
41.388
43.1028
44.8303
43.0152
41.0286
39.1373
42.6776
39.1479
35.6537
44.553
46.4119
37.3231
40.8584
38.9933
44.5059
37.361
42.592
44.3638
37.2249
32.1083
38.6968
36.8641
42.0666
43.9276
40.3852
35.2965
32.1359
37.0276
40.421
40.2811
36.8213
42.1
38.5524
42.2369
40.387
42.1634
44.0714
35.2692
38.6806
40.3707
42.2115
44.0036
36.8543
45.8791
47.7594
34.9644
38.2681
38.1365
36.3247
33.0628
41.8017
38.1155
38.1274
47.2878
39.8623
39.7188
37.8166
34.4605
39.485
41.3318
32.8213
39.6462
29.7911
36.3267
41.5687
47.2625
41.4677
32.9017
31.3777
36.2859
37.9285
31.3444
29.6766
39.694
41.5
39.8123
43.4486
34.7256
39.8879
43.5976
45.5834
43.5798
36.312
38.0374
45.4043
41.5487
38.0327
36.1856
43.3098
43.3744
43.3343
47.0421
41.4707
36.1975
32.9801
45.3705
39.7028
36.0902
34.2865
37.6752
41.2898
37.8248
39.6089
45.2076
36.0918
35.9753
34.3433
34.2277
34.1507
39.2274
41.0493
39.2513
30.9828
37.6315
42.9655
37.4963
35.7235
39.0884
34.0166
40.8987
44.5077
42.6611
33.9888
27.6202
35.4811
29.1196
40.7528
35.6007
37.3321
35.6163
33.9272
39.1428
37.4961
32.5826
34.2094
29.5129
31.1668
28.1851
34.547
41.5154
32.9958
31.3789
33.0711
39.9251
30.0222
28.59
38.3774
28.6671
36.7674
44.0243
40.2464
42.1108
44.0529
42.094
38.4355
45.7107
42.0406
31.8411
38.5713
35.2035
33.5191
40.3557
33.4167
38.4015
41.9923
38.3488
33.3375
43.9509
38.6059
42.1887
36.7917
36.8123
27.3254
36.9099
45.9313
42.1246
35.1304
42.1083
36.7017
43.9349
40.1581
40.1609
45.6988
31.6581
34.852
45.532
39.8991
36.4177
43.5082
39.9268
36.3386
34.5518
32.8435
28.2116
39.6791
39.7189
45.2039
39.6413
32.7668
36.0991
31.2723
32.8667
26.7756
37.9177
26.6238
37.823
36.1947
45.1154
34.4481
29.7341
34.4669
34.4804
43.2322
39.5494
43.2206
37.7128
43.0264
41.2083
41.1578
34.2455
35.9178
39.4399
39.4083
41.2815
46.8932
37.7893
35.9882
37.6081
34.1574
26.4396
24.9285
35.7974
42.87
29.3135
32.493
39.3348
37.5991
39.3075
39.2681
41.0927
39.3675
34.1389
41.0053
32.5032
23.4749
34.0511
34.1358
39.2643
37.4905
37.5666
35.8746
34.1959
32.5439
35.9269
34.1741
32.5841
34.2886
44.9271
35.9873
32.6768
32.7582
29.6832
25.318
32.9634
38.0795
29.924
36.5197
43.5964
38.2214
33.2227
31.689
28.6625
33.3171
33.3289
31.7663
33.3902
42.0114
38.4861
33.3211
33.231
31.5623
38.1543
34.6852
34.7031
31.444
25.4859
29.9394
43.646
31.4592
38.026
38.0606
43.438
37.9926
38.0588
31.3819
32.93
25.3572
31.384
28.2854
32.9258
39.6923
37.892
41.4183
31.1553
34.3454
31.1625
31.174
29.6622
34.5332
32.8195
36.054
34.4117
32.6853
36.0325
35.9394
30.976
35.8328
29.4307
29.442
27.9729
22.2438
30.9151
39.2328
35.7003
29.2701
23.5093
20.7839
30.7074
39.0438
35.633
40.8856
33.928
40.7983
37.2309
38.9439
30.6455
35.581
35.5624
35.6296
30.6783
30.7169
33.8501
29.0422
35.4754
37.1409
32.1736
33.796
33.8381
30.6875
29.209
26.301
29.2767
29.2617
37.3892
29.2999
39.1303
39.1373
39.1856
34.0622
24.9445
39.3058
35.8065
29.4094
34.206
27.9038
42.9174
35.7878
40.975
32.4624
37.4837
37.5302
32.5198
22.2463
19.6003
32.5232
30.933
31.0027
39.3101
18.3474
29.2715
20.8456
27.8113
19.6162
17.1372
27.7378
18.3237
32.4936
29.4162
37.5218
30.9497
27.9372
37.5556
41.1424
39.3529
34.2836
35.8968
41.1121
34.142
34.0811
29.3443
37.4801
30.9003
34.0425
37.4226
27.8238
26.3441
27.8756
32.6065
37.6241
26.5176
31.1361
36.0433
39.5578
37.8033
